{
    "frames": [
        {
            "file_path": "http://web-server:5000/worker-data/data/sfm/66ca19c22ee26fac174cdef3/img_61.png",
            "extrinsic_matrix": [
                [
                    -0.5721644815590023,
                    -0.6128192919396354,
                    0.5450507512781925,
                    2.501361843460766
                ],
                [
                    0.8200992601425982,
                    -0.4340422423297541,
                    0.37288675946850525,
                    0.8181226712464058
                ],
                [
                    0.008062850357149173,
                    0.6603482772749263,
                    0.7509162024781164,
                    2.421768683868275
                ],
                [
                    0,
                    0,
                    0,
                    1
                ]
            ]
        },
        {
            "file_path": "http://web-server:5000/worker-data/data/sfm/66ca19c22ee26fac174cdef3/img_60.png",
            "extrinsic_matrix": [
                [
                    -0.421233602182431,
                    -0.6526016974145267,
                    0.6298200353466786,
                    2.877102229053917
                ],
                [
                    0.9069487975865653,
                    -0.30120360349850067,
                    0.2944830517972151,
                    0.5274870241111482
                ],
                [
                    -0.002476075260699979,
                    0.695260680443815,
                    0.7187534036650589,
                    2.3319973819630153
                ],
                [
                    0,
                    0,
                    0,
                    1
                ]
            ]
        },
        {
            "file_path": "http://web-server:5000/worker-data/data/sfm/66ca19c22ee26fac174cdef3/img_6.png",
            "extrinsic_matrix": [
                [
                    -0.32051380812345026,
                    0.6037048591235425,
                    -0.7299392727294701,
                    -2.7256476954026523
                ],
                [
                    -0.9444044397913257,
                    -0.2632807307433337,
                    0.19693529628202527,
                    0.11320938426802757
                ],
                [
                    -0.07328814982407897,
                    0.752478371709035,
                    0.654526658895941,
                    2.067923208596726
                ],
                [
                    0,
                    0,
                    0,
                    1
                ]
            ]
        },
        {
            "file_path": "http://web-server:5000/worker-data/data/sfm/66ca19c22ee26fac174cdef3/img_59.png",
            "extrinsic_matrix": [
                [
                    -0.2593523927596687,
                    -0.7019078756964597,
                    0.6633714422592502,
                    2.9902212773498436
                ],
                [
                    0.9647598312800165,
                    -0.21989678924623318,
                    0.14451252550471716,
                    -0.1082051316732744
                ],
                [
                    0.04443877044190552,
                    0.6774737899834069,
                    0.7342032821822108,
                    2.360289932691403
                ],
                [
                    0,
                    0,
                    0,
                    1
                ]
            ]
        },
        {
            "file_path": "http://web-server:5000/worker-data/data/sfm/66ca19c22ee26fac174cdef3/img_54.png",
            "extrinsic_matrix": [
                [
                    0.6604377553993672,
                    -0.47430076895115136,
                    0.5821174725219921,
                    2.691593441271463
                ],
                [
                    0.7478732629305557,
                    0.3461837793213005,
                    -0.5664294956377408,
                    -3.0364344088143946
                ],
                [
                    0.06713831869096677,
                    0.8094415182748955,
                    0.5833497018565987,
                    1.7751475181306875
                ],
                [
                    0,
                    0,
                    0,
                    1
                ]
            ]
        },
        {
            "file_path": "http://web-server:5000/worker-data/data/sfm/66ca19c22ee26fac174cdef3/img_55.png",
            "extrinsic_matrix": [
                [
                    0.504221719941117,
                    -0.5584865820097122,
                    0.6586753334190759,
                    2.9989081729686107
                ],
                [
                    0.8616626421255285,
                    0.27464430808031864,
                    -0.4267411337149689,
                    -2.4547243369915415
                ],
                [
                    0.05742776597496721,
                    0.7827280765081779,
                    0.6197086492384407,
                    1.9106182984026499
                ],
                [
                    0,
                    0,
                    0,
                    1
                ]
            ]
        },
        {
            "file_path": "http://web-server:5000/worker-data/data/sfm/66ca19c22ee26fac174cdef3/img_53.png",
            "extrinsic_matrix": [
                [
                    0.7855268909120091,
                    -0.38336246364523363,
                    0.4857784733002991,
                    2.298585393668738
                ],
                [
                    0.6154457225841967,
                    0.4020174176201107,
                    -0.6779443623800363,
                    -3.4930082348690017
                ],
                [
                    0.06460701360478165,
                    0.831513810707865,
                    0.5517342806053991,
                    1.6466445863788006
                ],
                [
                    0,
                    0,
                    0,
                    1
                ]
            ]
        },
        {
            "file_path": "http://web-server:5000/worker-data/data/sfm/66ca19c22ee26fac174cdef3/img_51.png",
            "extrinsic_matrix": [
                [
                    0.957523639723422,
                    -0.19716601478134715,
                    0.21041397763944206,
                    1.157908763119125
                ],
                [
                    0.2785828036882633,
                    0.4441747751526429,
                    -0.851528267650162,
                    -4.209325544227862
                ],
                [
                    0.07443185379927442,
                    0.8739761619937587,
                    0.48023490856732065,
                    1.356258114606022
                ],
                [
                    0,
                    0,
                    0,
                    1
                ]
            ]
        },
        {
            "file_path": "http://web-server:5000/worker-data/data/sfm/66ca19c22ee26fac174cdef3/img_16.png",
            "extrinsic_matrix": [
                [
                    0.9966543853848341,
                    -0.048364554578128896,
                    -0.06588555193392483,
                    0.015017311610223173
                ],
                [
                    -0.036966744367294385,
                    0.45220490393814294,
                    -0.8911476783705261,
                    -4.374886810326079
                ],
                [
                    0.07289373021091622,
                    0.890601816029338,
                    0.44890412047695016,
                    1.2238793174731657
                ],
                [
                    0,
                    0,
                    0,
                    1
                ]
            ]
        },
        {
            "file_path": "http://web-server:5000/worker-data/data/sfm/66ca19c22ee26fac174cdef3/img_45.png",
            "extrinsic_matrix": [
                [
                    0.668317454850944,
                    0.17642152379321283,
                    -0.7226529080298763,
                    -2.683376933483391
                ],
                [
                    -0.7438364826583901,
                    0.1685300614759632,
                    -0.6467649537856105,
                    -3.3571565647165498
                ],
                [
                    0.007685480333154531,
                    0.9697799050925883,
                    0.24386034747506594,
                    0.3637816758010378
                ],
                [
                    0,
                    0,
                    0,
                    1
                ]
            ]
        },
        {
            "file_path": "http://web-server:5000/worker-data/data/sfm/66ca19c22ee26fac174cdef3/img_20.png",
            "extrinsic_matrix": [
                [
                    0.7469903070114451,
                    -0.2989957808090266,
                    0.5938072113820675,
                    2.7372680419947977
                ],
                [
                    0.6614054894558654,
                    0.24360800436251473,
                    -0.7093644470426753,
                    -3.616038521339448
                ],
                [
                    0.0674407869808327,
                    0.9226357153659911,
                    0.37973026872043325,
                    0.9359818468288487
                ],
                [
                    0,
                    0,
                    0,
                    1
                ]
            ]
        },
        {
            "file_path": "http://web-server:5000/worker-data/data/sfm/66ca19c22ee26fac174cdef3/img_43.png",
            "extrinsic_matrix": [
                [
                    0.33859743641737383,
                    0.1770339777245664,
                    -0.9241270187493708,
                    -3.486921386666948
                ],
                [
                    -0.9407989716935202,
                    0.04722416033411319,
                    -0.33565931171524654,
                    -2.0652813318050023
                ],
                [
                    -0.015781980610733916,
                    0.9830711314100096,
                    0.18254336382417957,
                    0.10035972520727753
                ],
                [
                    0,
                    0,
                    0,
                    1
                ]
            ]
        },
        {
            "file_path": "http://web-server:5000/worker-data/data/sfm/66ca19c22ee26fac174cdef3/img_22.png",
            "extrinsic_matrix": [
                [
                    0.45697005679498454,
                    -0.3307607329511875,
                    0.8256971022901689,
                    3.6876588550564366
                ],
                [
                    0.8870717869193202,
                    0.1011752819078906,
                    -0.4504078231809739,
                    -2.560486441553888
                ],
                [
                    0.06543708462755159,
                    0.9382754925225598,
                    0.33964258874145126,
                    0.7702545022516274
                ],
                [
                    0,
                    0,
                    0,
                    1
                ]
            ]
        },
        {
            "file_path": "http://web-server:5000/worker-data/data/sfm/66ca19c22ee26fac174cdef3/img_44.png",
            "extrinsic_matrix": [
                [
                    0.5100883292319127,
                    0.18031380424740742,
                    -0.8410094103987321,
                    -3.157237550424855
                ],
                [
                    -0.8601177270169404,
                    0.10384234663749874,
                    -0.49941391922535516,
                    -2.7411850237031747
                ],
                [
                    -0.0027188329496075185,
                    0.9781123141248379,
                    0.20805986855890068,
                    0.21035791592266936
                ],
                [
                    0,
                    0,
                    0,
                    1
                ]
            ]
        },
        {
            "file_path": "http://web-server:5000/worker-data/data/sfm/66ca19c22ee26fac174cdef3/img_13.png",
            "extrinsic_matrix": [
                [
                    0.8249245836972514,
                    0.25178492698134763,
                    -0.5060669735883916,
                    -1.7964153933829314
                ],
                [
                    -0.563844500941761,
                    0.4294865444910368,
                    -0.7054223464413965,
                    -3.599972246476188
                ],
                [
                    0.03973424177775733,
                    0.8672633156349612,
                    0.4962615554162953,
                    1.4079568565037568
                ],
                [
                    0,
                    0,
                    0,
                    1
                ]
            ]
        },
        {
            "file_path": "http://web-server:5000/worker-data/data/sfm/66ca19c22ee26fac174cdef3/img_19.png",
            "extrinsic_matrix": [
                [
                    0.8556482546124131,
                    -0.25683869072693377,
                    0.4493327846089191,
                    2.1422917925282863
                ],
                [
                    0.5128629585048592,
                    0.3040924853217137,
                    -0.8028071662388838,
                    -3.998556756591639
                ],
                [
                    0.06955321827474234,
                    0.9173666918503952,
                    0.3919192550910051,
                    0.9842264866862916
                ],
                [
                    0,
                    0,
                    0,
                    1
                ]
            ]
        },
        {
            "file_path": "http://web-server:5000/worker-data/data/sfm/66ca19c22ee26fac174cdef3/img_42.png",
            "extrinsic_matrix": [
                [
                    0.15384905972137894,
                    0.16047231381023516,
                    -0.974976462958587,
                    -3.678444817938688
                ],
                [
                    -0.987761233957124,
                    -0.0006424882621834213,
                    -0.15597221515492138,
                    -1.329161916756084
                ],
                [
                    -0.025655633189373965,
                    0.9870401327753714,
                    0.1584094844901338,
                    0
                ],
                [
                    0,
                    0,
                    0,
                    1
                ]
            ]
        },
        {
            "file_path": "http://web-server:5000/worker-data/data/sfm/66ca19c22ee26fac174cdef3/img_9.png",
            "extrinsic_matrix": [
                [
                    0.22723649437655785,
                    0.5803217937290073,
                    -0.7820423206876979,
                    -2.9352356159093986
                ],
                [
                    -0.973393258165931,
                    0.11103981162456075,
                    -0.2004388315459249,
                    -1.5279142764482583
                ],
                [
                    -0.029481190284081173,
                    0.8067817399752735,
                    0.5901136191123743,
                    1.79165450725446
                ],
                [
                    0,
                    0,
                    0,
                    1
                ]
            ]
        },
        {
            "file_path": "http://web-server:5000/worker-data/data/sfm/66ca19c22ee26fac174cdef3/img_17.png",
            "extrinsic_matrix": [
                [
                    0.9848720264310421,
                    -0.13310586887888542,
                    0.11095007536549674,
                    0.7469522594072396
                ],
                [
                    0.15747639768096688,
                    0.4203366822273517,
                    -0.8935984879953237,
                    -4.3794911717132035
                ],
                [
                    0.07230681660146832,
                    0.8975521718786601,
                    0.43493887274979504,
                    1.1656762168706618
                ],
                [
                    0,
                    0,
                    0,
                    1
                ]
            ]
        },
        {
            "file_path": "http://web-server:5000/worker-data/data/sfm/66ca19c22ee26fac174cdef3/img_8.png",
            "extrinsic_matrix": [
                [
                    0.04577338557132684,
                    0.6170080558821441,
                    -0.7856245007316631,
                    -2.9532539727312557
                ],
                [
                    -0.997971772070626,
                    -0.006584218003143802,
                    -0.06331658726985549,
                    -0.9632381823541845
                ],
                [
                    -0.04423956739789382,
                    0.7869292897394428,
                    0.6154552409612123,
                    1.8994787242469624
                ],
                [
                    0,
                    0,
                    0,
                    1
                ]
            ]
        },
        {
            "file_path": "http://web-server:5000/worker-data/data/sfm/66ca19c22ee26fac174cdef3/img_15.png",
            "extrinsic_matrix": [
                [
                    0.9750288262110711,
                    0.04665996178880791,
                    -0.21712124728668877,
                    -0.6076407759948084
                ],
                [
                    -0.2136431658395305,
                    0.4639737217009004,
                    -0.8597005195189071,
                    -4.237285750416447
                ],
                [
                    0.06062495977337589,
                    0.8846192590809239,
                    0.4623563352173238,
                    1.2729441371981418
                ],
                [
                    0,
                    0,
                    0,
                    1
                ]
            ]
        },
        {
            "file_path": "http://web-server:5000/worker-data/data/sfm/66ca19c22ee26fac174cdef3/img_7.png",
            "extrinsic_matrix": [
                [
                    -0.14064758695014745,
                    0.624567838087535,
                    -0.7682013225136778,
                    -2.8873675529960523
                ],
                [
                    -0.9886882797093618,
                    -0.12942898681485082,
                    0.07578669366996088,
                    -0.3875044210026726
                ],
                [
                    -0.052093587421523965,
                    0.7701708596141146,
                    0.6357067760774714,
                    1.991702798560096
                ],
                [
                    0,
                    0,
                    0,
                    1
                ]
            ]
        },
        {
            "file_path": "http://web-server:5000/worker-data/data/sfm/66ca19c22ee26fac174cdef3/img_11.png",
            "extrinsic_matrix": [
                [
                    0.568936707382516,
                    0.44144982167059804,
                    -0.6938537871480839,
                    -2.572773376949804
                ],
                [
                    -0.8223813040022186,
                    0.30552274054836054,
                    -0.47994254430653455,
                    -2.675371478037762
                ],
                [
                    0.00011755999308858641,
                    0.8436693131522662,
                    0.5368631820350803,
                    1.5750445395506782
                ],
                [
                    0,
                    0,
                    0,
                    1
                ]
            ]
        },
        {
            "file_path": "http://web-server:5000/worker-data/data/sfm/66ca19c22ee26fac174cdef3/img_4.png",
            "extrinsic_matrix": [
                [
                    -0.6411551589409888,
                    0.4908080202643542,
                    -0.5899385979977403,
                    -2.1399138057750062
                ],
                [
                    -0.7628499660242992,
                    -0.4913127976103554,
                    0.4203232853899615,
                    1.035934177712271
                ],
                [
                    -0.08354634342734435,
                    0.7195270822897991,
                    0.6894206164247261,
                    2.2060961154955097
                ],
                [
                    0,
                    0,
                    0,
                    1
                ]
            ]
        },
        {
            "file_path": "http://web-server:5000/worker-data/data/sfm/66ca19c22ee26fac174cdef3/img_66.png",
            "extrinsic_matrix": [
                [
                    -0.997832689113425,
                    -0.05196474894470466,
                    -0.04036817315391602,
                    0.12222987803807644
                ],
                [
                    0.012952023029463439,
                    -0.7565807915578326,
                    0.6537719410812672,
                    1.9901701581065714
                ],
                [
                    -0.06451487918391381,
                    0.651832164527678,
                    0.7556140943967679,
                    2.477592457419086
                ],
                [
                    0,
                    0,
                    0,
                    1
                ]
            ]
        },
        {
            "file_path": "http://web-server:5000/worker-data/data/sfm/66ca19c22ee26fac174cdef3/img_18.png",
            "extrinsic_matrix": [
                [
                    0.935468331302757,
                    -0.20711672091451802,
                    0.286359328549382,
                    1.4665487379901054
                ],
                [
                    0.346041621820661,
                    0.3722002257108466,
                    -0.8612329463905347,
                    -4.230009886490515
                ],
                [
                    0.07179273707947008,
                    0.904748393697614,
                    0.4198525300676723,
                    1.0971322811274764
                ],
                [
                    0,
                    0,
                    0,
                    1
                ]
            ]
        },
        {
            "file_path": "http://web-server:5000/worker-data/data/sfm/66ca19c22ee26fac174cdef3/img_65.png",
            "extrinsic_matrix": [
                [
                    -0.9785072719371583,
                    -0.18484681525049076,
                    0.09140663902502179,
                    0.6627113049938139
                ],
                [
                    0.19982546628390155,
                    -0.740493452007844,
                    0.6416690973998421,
                    1.9379829373449817
                ],
                [
                    -0.05092447143094462,
                    0.646143252247718,
                    0.7615153286600483,
                    2.49538859432615
                ],
                [
                    0,
                    0,
                    0,
                    1
                ]
            ]
        },
        {
            "file_path": "http://web-server:5000/worker-data/data/sfm/66ca19c22ee26fac174cdef3/img_14.png",
            "extrinsic_matrix": [
                [
                    0.9188696724231887,
                    0.15004060265886252,
                    -0.36491963862563886,
                    -1.217600449796297
                ],
                [
                    -0.3919237428994374,
                    0.45384386986616987,
                    -0.8002634075956461,
                    -4.0025750972505465
                ],
                [
                    0.04554453702253861,
                    0.8783584458173469,
                    0.47582784261614863,
                    1.3294145263733967
                ],
                [
                    0,
                    0,
                    0,
                    1
                ]
            ]
        },
        {
            "file_path": "http://web-server:5000/worker-data/data/sfm/66ca19c22ee26fac174cdef3/img_47.png",
            "extrinsic_matrix": [
                [
                    0.8898306251355746,
                    0.0996585682650133,
                    -0.445274778470777,
                    -1.5456886966641246
                ],
                [
                    -0.453973856021826,
                    0.2915817451114362,
                    -0.8419547636105185,
                    -4.161290511314446
                ],
                [
                    0.04592599067528523,
                    0.9513402418110659,
                    0.3047007510515138,
                    0.6175312373977639
                ],
                [
                    0,
                    0,
                    0,
                    1
                ]
            ]
        },
        {
            "file_path": "http://web-server:5000/worker-data/data/sfm/66ca19c22ee26fac174cdef3/img_64.png",
            "extrinsic_matrix": [
                [
                    -0.9225806699477374,
                    -0.31534612658748534,
                    0.2222649947361337,
                    1.198031870777813
                ],
                [
                    0.3842478734196977,
                    -0.6993554011841664,
                    0.6027068894636708,
                    1.7725331015379675
                ],
                [
                    -0.03461905849707485,
                    0.6414505774265102,
                    0.766382853088437,
                    2.510423428122781
                ],
                [
                    0,
                    0,
                    0,
                    1
                ]
            ]
        },
        {
            "file_path": "http://web-server:5000/worker-data/data/sfm/66ca19c22ee26fac174cdef3/img_1.png",
            "extrinsic_matrix": [
                [
                    -0.9482421082575473,
                    0.17431752876764428,
                    -0.2654247601329289,
                    -0.8001452323253216
                ],
                [
                    -0.306197818981669,
                    -0.7234086218009983,
                    0.6188076127156559,
                    1.8423008612177003
                ],
                [
                    -0.08414154608842403,
                    0.6680519179437492,
                    0.7393421637871929,
                    2.4013654310525863
                ],
                [
                    0,
                    0,
                    0,
                    1
                ]
            ]
        },
        {
            "file_path": "http://web-server:5000/worker-data/data/sfm/66ca19c22ee26fac174cdef3/img_63.png",
            "extrinsic_matrix": [
                [
                    -0.835359023727349,
                    -0.42884359907698116,
                    0.34390183048072265,
                    1.6962372928922513
                ],
                [
                    0.5492780232322692,
                    -0.6265407680826236,
                    0.5529378980721857,
                    1.5694516734646224
                ],
                [
                    -0.02165536126092504,
                    0.6507993803478442,
                    0.7589408487277,
                    2.477893805998907
                ],
                [
                    0,
                    0,
                    0,
                    1
                ]
            ]
        },
        {
            "file_path": "http://web-server:5000/worker-data/data/sfm/66ca19c22ee26fac174cdef3/img_10.png",
            "extrinsic_matrix": [
                [
                    0.40684011831042044,
                    0.5193865813290252,
                    -0.7514776758284382,
                    -2.8101704835315853
                ],
                [
                    -0.9133686580935775,
                    0.2173667604991899,
                    -0.3442519220606126,
                    -2.1198636617198567
                ],
                [
                    -0.01545356093271943,
                    0.82643164905843,
                    0.5628249433785455,
                    1.6813439519832387
                ],
                [
                    0,
                    0,
                    0,
                    1
                ]
            ]
        },
        {
            "file_path": "http://web-server:5000/worker-data/data/sfm/66ca19c22ee26fac174cdef3/img_3.png",
            "extrinsic_matrix": [
                [
                    -0.7700182835623819,
                    0.4020293941995395,
                    -0.49542326265446424,
                    -1.7406629361391843
                ],
                [
                    -0.6316420536676887,
                    -0.5898859278508415,
                    0.5030535837880659,
                    1.365737101471412
                ],
                [
                    -0.09000088342959639,
                    0.7002906241862041,
                    0.708161621848282,
                    2.2653075051383076
                ],
                [
                    0,
                    0,
                    0,
                    1
                ]
            ]
        },
        {
            "file_path": "http://web-server:5000/worker-data/data/sfm/66ca19c22ee26fac174cdef3/img_62.png",
            "extrinsic_matrix": [
                [
                    -0.717045858036931,
                    -0.5347091529777588,
                    0.4471368461599752,
                    2.105675707306927
                ],
                [
                    0.6969767068946049,
                    -0.5423994865482442,
                    0.46906957590378107,
                    1.214946694507673
                ],
                [
                    -0.008288999845175449,
                    0.6479883631007654,
                    0.7616051298196185,
                    2.4738847218881355
                ],
                [
                    0,
                    0,
                    0,
                    1
                ]
            ]
        },
        {
            "file_path": "http://web-server:5000/worker-data/data/sfm/66ca19c22ee26fac174cdef3/img_0.png",
            "extrinsic_matrix": [
                [
                    -0.9909379947137773,
                    0.040268527981453035,
                    -0.12814186001008748,
                    -0.23889091970016307
                ],
                [
                    -0.11418136219586542,
                    -0.7549835078622439,
                    0.6457263502313638,
                    1.9555101534774095
                ],
                [
                    -0.07074254137175519,
                    0.6545061867623777,
                    0.7527397587015299,
                    2.4625919779508774
                ],
                [
                    0,
                    0,
                    0,
                    1
                ]
            ]
        },
        {
            "file_path": "http://web-server:5000/worker-data/data/sfm/66ca19c22ee26fac174cdef3/img_2.png",
            "extrinsic_matrix": [
                [
                    -0.8756872224238758,
                    0.2950284917429722,
                    -0.3822696398400265,
                    -1.2794300258612894
                ],
                [
                    -0.47546056065533315,
                    -0.6650366743151592,
                    0.5759023155684904,
                    1.666849691565038
                ],
                [
                    -0.08431573841740791,
                    0.6860644363875017,
                    0.7226385302344648,
                    2.3333133711085354
                ],
                [
                    0,
                    0,
                    0,
                    1
                ]
            ]
        },
        {
            "file_path": "http://web-server:5000/worker-data/data/sfm/66ca19c22ee26fac174cdef3/img_46.png",
            "extrinsic_matrix": [
                [
                    0.7895353060596695,
                    0.14171532011733978,
                    -0.5971187223067986,
                    -2.162867605142053
                ],
                [
                    -0.6131752678568915,
                    0.22258317086669446,
                    -0.7579398544314433,
                    -3.8058750029104793
                ],
                [
                    0.025496889494474623,
                    0.9645587074361872,
                    0.2626336013063424,
                    0.43693850001777385
                ],
                [
                    0,
                    0,
                    0,
                    1
                ]
            ]
        },
        {
            "file_path": "http://web-server:5000/worker-data/data/sfm/66ca19c22ee26fac174cdef3/img_21.png",
            "extrinsic_matrix": [
                [
                    0.6128557150842125,
                    -0.32640033791188444,
                    0.719632331054981,
                    3.247627698736808
                ],
                [
                    0.7873390852926104,
                    0.17487766630801313,
                    -0.5911979081468907,
                    -3.1317008021748975
                ],
                [
                    0.0671195743372536,
                    0.9289136780334711,
                    0.36416252072819777,
                    0.8675895451772359
                ],
                [
                    0,
                    0,
                    0,
                    1
                ]
            ]
        },
        {
            "file_path": "http://web-server:5000/worker-data/data/sfm/66ca19c22ee26fac174cdef3/img_48.png",
            "extrinsic_matrix": [
                [
                    0.957124860457547,
                    0.04387716361324615,
                    -0.28633336516616004,
                    -0.8969710863096616
                ],
                [
                    -0.28319711756441573,
                    0.3496150709662355,
                    -0.8930670158260694,
                    -4.3768417010640865
                ],
                [
                    0.06092121221157413,
                    0.9358654265793406,
                    0.34705116227458704,
                    0.796190045529251
                ],
                [
                    0,
                    0,
                    0,
                    1
                ]
            ]
        },
        {
            "file_path": "http://web-server:5000/worker-data/data/sfm/66ca19c22ee26fac174cdef3/img_12.png",
            "extrinsic_matrix": [
                [
                    0.7113588107944085,
                    0.3478322307341637,
                    -0.6107220166062955,
                    -2.22974746121846
                ],
                [
                    -0.7026191137732287,
                    0.3731844795372392,
                    -0.6058545412828422,
                    -3.19539546111746
                ],
                [
                    0.017176241314319187,
                    0.8600849280710691,
                    0.5098616412707441,
                    1.4674076893120303
                ],
                [
                    0,
                    0,
                    0,
                    1
                ]
            ]
        },
        {
            "file_path": "http://web-server:5000/worker-data/data/sfm/66ca19c22ee26fac174cdef3/img_5.png",
            "extrinsic_matrix": [
                [
                    -0.49111466492063366,
                    0.555874355091137,
                    -0.6706788257071381,
                    -2.483101402983589
                ],
                [
                    -0.8670982896082924,
                    -0.38562681789471626,
                    0.31532921443908296,
                    0.6003989615853534
                ],
                [
                    -0.08334831766908854,
                    0.7364072641360948,
                    0.6713846879914118,
                    2.142056336605962
                ],
                [
                    0,
                    0,
                    0,
                    1
                ]
            ]
        },
        {
            "file_path": "http://web-server:5000/worker-data/data/sfm/66ca19c22ee26fac174cdef3/img_49.png",
            "extrinsic_matrix": [
                [
                    0.9932461323698245,
                    -0.02538135798705092,
                    -0.11321619671724467,
                    -0.18178627360247201
                ],
                [
                    -0.09418577729793873,
                    0.3934667491576065,
                    -0.9145014798578123,
                    -4.47566230971618
                ],
                [
                    0.06775809831428134,
                    0.9189884134057832,
                    0.38841876388603314,
                    0.9758579610044191
                ],
                [
                    0,
                    0,
                    0,
                    1
                ]
            ]
        },
        {
            "file_path": "http://web-server:5000/worker-data/data/sfm/66ca19c22ee26fac174cdef3/img_52.png",
            "extrinsic_matrix": [
                [
                    0.886864260418002,
                    -0.2904379912906795,
                    0.35932931526423656,
                    1.7721059413959406
                ],
                [
                    0.4565969544536074,
                    0.4320208764946595,
                    -0.7777385058337261,
                    -3.8980011927818903
                ],
                [
                    0.07064704365308049,
                    0.8538171557703802,
                    0.5157569773985209,
                    1.494577111221961
                ],
                [
                    0,
                    0,
                    0,
                    1
                ]
            ]
        },
        {
            "file_path": "http://web-server:5000/worker-data/data/sfm/66ca19c22ee26fac174cdef3/img_50.png",
            "extrinsic_matrix": [
                [
                    0.9930017215745035,
                    -0.10681848827937351,
                    0.050372527351534066,
                    0.4954960606759644
                ],
                [
                    0.09197425649840035,
                    0.4319056663505201,
